c = 10*log10(2);
d = 10*log10(4);
e = 10*log10(0.5);